9.1636 6.3339 
9.3257 6.6875 
9.5614 7.2117 
9.7331 7.6212 
9.4714 6.9875 
9.234 6.5062 
8.0898 4.39 
9.3573 6.7711 
9.4581 6.9379 
9.7331 7.5985 
8.6225 5.2937 
9.65 7.3468 
9.2705 6.5665 
8.1458 4.5004 
8.0042 4.221 
8.4675 5.0064 
8.2233 4.5435 
8.8605 5.7385 
9.7031 7.5519 
8.6882 5.4394 
9.4729 7.0027 
8.9778 5.957 
9.5196 7.0904 
9.8087 7.7759 
9.3792 6.8067 
8.2664 4.6655 
9.6882 7.4916 
8.6397 5.3186 
9.9753 8.1982 
9.2848 6.5882 
8.407 4.9732 
9.7915 7.7267 
8.618 5.2962 
9.2494 6.5496 
8.9846 5.9801 
9.193 6.3929 
9.322 6.6733 
8.0956 4.3803 
9.1321 6.2608 
8.3752 4.8528 
9.5814 7.2252 
8.843 5.6994 
8.1584 4.4916 
8.9223 5.8455 
9.5877 7.2573 
8.9126 5.8315 
9.8288 7.8177 
9.4519 6.9682 
9.7133 7.5548 
8.4901 5.0322 
9.9436 8.1141 
8.3679 4.7976 
8.7174 5.4782 
8.1678 4.473 
9.4805 7.0343 
8.7493 5.5667 
8.5184 5.1167 
9.3594 6.769 
9.9422 8.1062 
8.965 5.9446 
8.7853 5.6111 
9.4253 6.9169 
8.2265 4.5313 
9.5151 7.1022 
9.0613 6.1751 
9.397 6.83 
9.1754 6.3965 
8.0621 4.3475 
8.22 4.5758 
8.9048 5.81 
9.8571 7.8663 
8.6399 5.3161 
9.9545 8.097 
9.3867 6.8203 
9.2813 6.6041 
8.4199 4.8823 
9.0011 5.9917 
8.3799 4.8807 
9.7407 7.6016 
9.3419 6.7361 
8.3232 4.7685 
9.4827 7.0161 
8.1311 4.4346 
9.9057 8.0397 
8.7864 5.5709 
8.4983 5.0495 
8.7024 5.4036 
8.6671 5.3713 
8.0732 4.3528 
9.2085 6.4262 
9.3732 6.7959 
9.0977 6.2163 
9.8547 7.908 
8.4751 5.0222 
9.8642 7.9005 
8.5625 5.2121 
8.2365 4.6229 
8.5747 5.2022 
9.9211 8.0334 
8.3502 4.788 
9.8089 7.7954 
8.8434 5.7419 
9.5731 7.2408 
8.0786 4.3396 
9.9159 8.0505 
8.437 5.0219 
8.5851 5.2248 
8.806 5.6587 
8.12 4.4313 
9.41 6.8763 
8.0966 4.3933 
9.5447 7.1955 
8.8301 5.6487 
8.2575 4.6081 
8.0052 4.2439 
8.7512 5.5186 
8.4261 4.9302 
9.2276 6.4634 
9.8177 7.7904 
8.2198 4.5875 
8.6397 5.295 
9.1784 6.3542 
8.493 5.044 
9.1134 6.2238 
9.2809 6.5792 
9.4183 6.9093 
9.309 6.6586 
9.5207 7.1168 
9.2642 6.5392 
8.0611 4.3643 
9.3047 6.6427 
8.4486 4.9659 
8.5634 5.1774 
8.8756 5.738 
9.0688 6.1484 
8.2057 4.5282 
8.3094 4.7029 
8.7491 5.5435 
9.4318 6.9199 
9.4074 6.9025 
8.7723 5.5628 
8.2066 4.5654 
8.8473 5.703 
8.3005 4.7267 
9.9892 8.1765 
8.7669 5.561 
8.2274 4.6008 
8.7524 5.5154 
9.1382 6.308 
8.632 5.2892 
9.4144 6.9113 
9.1165 6.2568 
8.6267 5.2568 
8.6151 5.252 
9.5573 7.1727 
9.4748 7.004 
8.4716 5.0546 
9.3965 6.8541 
8.2129 4.6027 
9.933 8.0641 
9.8687 7.9548 
8.433 4.9512 
8.5739 5.1757 
9.9551 8.1235 
9.8883 7.9815 
8.2733 4.6647 
9.507 7.0874 
9.136 6.3133 
8.8062 5.6388 
9.4655 6.9992 
9.322 6.66 
8.5068 5.0585 
9.2705 6.547 
9.1887 6.377 
9.0912 6.1876 
9.1429 6.3193 
8.6571 5.3806 
9.6183 7.3135 
8.1679 4.4911 
9.636 7.3638 
9.4737 6.9909 
9.4379 6.9277 
8.5475 5.1231 
9.5822 7.2287 
9.1309 6.2498 
8.6213 5.2903 
9.6726 7.4347 
9.4959 7.0764 
8.8201 5.6152 
9.0251 6.0627 
8.1801 4.5347 
9.9215 8.0372 
9.6373 7.3998 
9.541 7.1553 
9.3781 6.7969 
8.7452 5.5121 
9.8291 7.8456 
8.2329 4.5889 
9.569 7.2405 
8.8067 5.614 
9.4745 7.0094 
8.2543 4.6237 
9.6631 7.4551 
8.7043 5.4325 
8.6548 5.3296 
8.5077 5.1112 
8.0433 4.2694 
8.3474 4.7865 
9.3754 6.8061 
9.0736 6.144 
9.5582 7.1965 
8.1337 4.4094 
8.1948 4.5637 
8.3252 4.7934 
8.8587 5.7219 
9.8739 7.8991 
8.4449 4.9768 
9.1258 6.2807 
8.8479 5.7379 
8.7917 5.6056 
9.1423 6.2746 
8.2517 4.6367 
9.5738 7.1881 
9.1371 6.2918 
9.8128 7.789 
8.064 4.3226 
8.6489 5.3606 
9.7729 7.7079 
8.6504 5.3212 
8.4498 4.9746 
8.5421 5.1631 
8.7646 5.5549 
8.7527 5.5369 
8.3062 4.6991 
8.1251 4.4372 
8.5185 5.0859 
9.2941 6.6245 
8.4384 4.9669 
8.8568 5.7443 
8.3154 4.734 
8.3657 4.8381 
9.9509 8.0985 
9.9901 8.2099 
9.3408 6.7418 
9.3728 6.7789 
8.3978 4.8681 
8.3561 4.8406 
8.7596 5.5314 
9.6146 7.3487 
9.2926 6.563 
9.8656 7.9257 
9.542 7.1524 
9.5102 7.0915 
9.4893 7.0583 
9.4321 6.9096 
8.3143 4.7553 
8.1768 4.4932 
8.3597 4.8036 
8.5569 5.1786 
9.6496 7.4193 
9.945 8.0953 
9.9477 8.1404 
8.4556 4.9858 
9.3266 6.6769 
8.5179 5.1048 
8.0092 4.2375 
9.9322 8.0836 
8.6003 5.2602 
9.8613 7.9046 
8.4286 4.9587 
9.1474 6.3069 
8.3077 4.7359 
9.0229 6.0425 
8.3727 4.8256 
9.211 6.4514 
9.6317 7.3329 
8.7508 5.5637 
9.2918 6.6091 
8.8128 5.6398 
8.4108 4.8864 
9.7164 7.5632 
8.5226 5.0978 
9.9746 8.1919 
9.1135 6.183 
9.6291 7.3436 
8.5079 5.1022 
8.0283 4.2941 
9.8858 7.9775 
8.8304 5.6758 
8.8235 5.6383 
9.2872 6.5951 
8.5514 5.1292 
9.7217 7.5609 
8.5546 5.1654 
8.343 4.791 
9.6499 7.3856 
8.0579 4.3473 
8.263 4.6309 
8.0238 4.2596 
9.0519 6.1609 
9.3986 6.8228 
8.9635 5.9031 
8.5258 5.0905 
9.2479 6.5199 
8.8009 5.6308 
9.9736 8.1761 
8.5487 5.1411 
9.316 6.6272 
9.8885 7.9572 
9.6822 7.506 
9.4029 6.8446 
8.8197 5.641 
9.113 6.2289 
8.6057 5.2814 
9.563 7.1853 
9.2349 6.4835 
8.4704 5.0032 
8.8956 5.8092 
8.6976 5.4128 
8.3041 4.7195 
9.7067 7.561 
9.33 6.6878 
8.5124 5.0706 
8.4892 5.0222 
9.7173 7.5615 
9.7918 7.7262 
8.1962 4.5233 
8.4939 5.0142 
9.4602 6.9704 
8.9143 5.8572 
9.617 7.3115 
8.9174 5.8829 
8.8316 5.696 
9.0432 6.0651 
9.1178 6.3061 
9.6809 7.459 
8.1024 4.4203 
9.6908 7.4855 
8.6247 5.3219 
8.1309 4.4069 
8.6481 5.2995 
8.4789 5.0466 
9.3796 6.8248 
8.9343 5.8941 
9.9322 8.0943 
9.1006 6.1943 
8.2023 4.5438 
9.6555 7.4284 
8.7691 5.5592 
8.1507 4.4347 
8.0166 4.2378 
8.684 5.4183 
8.1658 4.5127 
8.0619 4.2931 
9.3348 6.7122 
9.1629 6.35 
8.0395 4.2778 
8.7335 5.5058 
8.6048 5.2694 
9.7698 7.6841 
9.6981 7.5221 
9.147 6.3094 
9.4594 6.9771 
8.0333 4.2605 
8.6601 5.3348 
8.4095 4.8919 
9.8584 7.9107 
8.6997 5.4492 
9.8583 7.9382 
8.9256 5.8719 
9.0521 6.1521 
9.1342 6.2734 
9.0062 6.0305 
9.1098 6.2194 
9.1878 6.4018 
8.2215 4.605 
9.7681 7.6806 
9.4568 6.9854 
8.7699 5.5294 
8.7644 5.5635 
8.9774 5.937 
8.0824 4.3505 
9.8076 7.7492 
8.0142 4.2336 
9.6936 7.514 
9.3586 6.754 
8.7617 5.5234 
9.2309 6.4977 
8.2403 4.6291 
8.4481 4.9875 
9.8387 7.8407 
8.2431 4.6439 
8.4264 4.9481 
9.8242 7.8519 
8.8725 5.7502 
8.8149 5.6623 
8.5576 5.1698 
8.3664 4.8463 
9.5076 7.1091 
8.1559 4.4706 
8.5775 5.1974 
8.9438 5.8853 
9.3294 6.699 
8.3273 4.7643 
8.8126 5.664 
9.5088 7.0775 
9.0055 6.0264 
8.0076 4.2261 
8.9462 5.9086 
9.1881 6.3826 
8.4867 5.0342 
9.3192 6.7413 
9.7353 7.5976 
8.9273 5.8342 
9.892 8.0075 
9.5489 7.1878 
8.4061 4.8771 
8.1246 4.4157 
9.163 6.2998 
9.9978 8.2438 
9.2713 6.5845 
8.4364 4.9547 
8.8031 5.6807 
8.7904 5.611 
9.5603 7.1973 
8.3503 4.7963 
8.2313 4.5857 
9.6145 7.3559 
8.1041 4.4056 
8.031 4.2637 
9.1606 6.3617 
8.3222 4.7628 
8.6034 5.2824 
9.5958 7.2913 
8.6331 5.3216 
9.0784 6.1887 
8.8844 5.7718 
8.9492 5.9142 
8.9832 5.9747 
9.4099 6.8735 
8.8125 5.6503 
8.3489 4.759 
9.398 6.8466 
8.787 5.6036 
9.8782 7.9386 
9.8565 7.9117 
8.3273 4.7824 
8.0907 4.3392 
8.2985 4.7848 
9.0739 6.1341 
8.1873 4.5324 
9.4134 6.858 
8.5239 5.0981 
8.9847 5.9881 
9.7261 7.6039 
8.6644 5.3728 
8.093 4.3453 
9.2539 6.5172 
9.7688 7.707 
9.029 6.0726 
8.7738 5.6004 
8.4362 4.9233 
9.2571 6.5557 
9.6594 7.4302 
9.5941 7.2866 
9.4261 6.9003 
8.0557 4.3051 
8.2954 4.6901 
8.4588 4.9548 
9.7601 7.6871 
8.3568 4.839 
9.119 6.2475 
8.6236 5.2788 
8.5191 5.1498 
9.7074 7.5294 
9.8934 7.98 
9.0409 6.0669 
8.3236 4.7569 
9.4581 6.9894 
8.7709 5.5441 
8.8687 5.7258 
8.0634 4.3052 
8.7668 5.5353 
8.0737 4.332 
9.4616 6.9717 
9.9708 8.177 
9.1928 6.4022 
9.8174 7.8085 
8.008 4.2486 
8.2313 4.6169 
8.6439 5.3477 
8.2336 4.6416 
8.1859 4.5321 
9.9482 8.1353 
9.1823 6.3919 
8.6059 5.299 
9.3263 6.6817 
9.5996 7.2837 
8.1887 4.5177 
8.5591 5.1374 
