8.3872 1.6484 
8.9726 2.0461 
9.1139 2.1221 
9.986 2.836 
9.0256 2.1253 
9.9675 2.8027 
8.4625 1.7212 
9.0896 2.1388 
8.2873 1.6186 
9.4 2.3313 
8.3201 1.6337 
8.3051 1.6257 
8.8664 1.9583 
9.1188 2.1667 
8.3349 1.6584 
8.2269 1.5746 
9.9261 2.8019 
8.4113 1.6857 
9.0004 2.0675 
9.422 2.3721 
9.7511 2.6341 
8.686 1.8783 
8.2679 1.6014 
8.6542 1.8242 
8.5553 1.7584 
9.291 2.2718 
8.9186 2.0308 
9.5359 2.4115 
8.5387 1.7443 
9.2431 2.2411 
8.2355 1.5886 
9.1371 2.1792 
9.5291 2.4341 
9.9644 2.7864 
9.7919 2.643 
9.225 2.1964 
8.8984 2.0037 
9.0049 2.0466 
8.6301 1.8698 
9.2587 2.247 
8.9673 2.0275 
9.3203 2.2876 
8.8608 1.9743 
8.7869 1.9068 
8.819 1.9628 
9.6597 2.5332 
9.1019 2.1497 
9.3312 2.3001 
8.6942 1.8579 
9.868 2.7231 
8.3369 1.6667 
8.7797 1.87 
9.2196 2.2227 
8.5835 1.8043 
9.1339 2.1443 
8.5571 1.7816 
9.1415 2.1785 
9.9711 2.8153 
9.2194 2.2512 
9.8149 2.6863 
8.0178 1.4578 
8.8806 1.9858 
8.2433 1.5632 
9.6348 2.5262 
9.0617 2.0923 
9.6443 2.5351 
8.3347 1.6255 
8.2769 1.6144 
9.4968 2.4197 
8.935 2.0262 
8.3258 1.6172 
8.2934 1.6184 
9.0345 2.0616 
9.9785 2.7979 
9.779 2.6422 
9.2326 2.2377 
9.2036 2.1916 
9.8073 2.6699 
9.085 2.0951 
9.1335 2.138 
8.4727 1.7119 
9.8087 2.6698 
8.7905 1.8696 
9.2831 2.2429 
8.9594 2.0155 
9.3878 2.3533 
8.6799 1.8322 
9.9075 2.7221 
9.6724 2.5391 
9.2789 2.2462 
8.6582 1.8648 
9.5272 2.4568 
9.7939 2.6321 
9.2824 2.2444 
9.9558 2.8152 
9.5828 2.5054 
8.2236 1.5388 
9.715 2.5605 
8.5445 1.737 
9.4397 2.3844 
8.128 1.5564 
8.1936 1.5752 
9.5026 2.4002 
9.2031 2.2094 
8.1744 1.5298 
9.1297 2.1334 
8.3694 1.6757 
8.0723 1.4666 
8.2265 1.5745 
8.8734 1.9587 
8.1597 1.5299 
9.2306 2.219 
8.6066 1.7636 
9.0651 2.1295 
8.573 1.7822 
8.0549 1.4665 
9.8062 2.6482 
9.4626 2.3897 
9.9833 2.8164 
9.9474 2.7671 
8.3264 1.5835 
9.8297 2.6751 
9.5307 2.4639 
8.7091 1.8664 
9.6672 2.5229 
9.2163 2.1879 
8.7166 1.8851 
9.4644 2.3201 
8.3074 1.628 
9.8643 2.7071 
9.589 2.4919 
9.3979 2.3695 
8.7815 1.913 
8.0179 1.4878 
8.8904 2.0071 
8.8524 1.9872 
8.978 2.0181 
9.1012 2.1273 
8.1915 1.5503 
8.205 1.5924 
8.9353 2.0499 
8.1351 1.5235 
8.923 2.0196 
9.3451 2.3395 
8.7683 1.9079 
8.512 1.7234 
8.0733 1.4925 
8.1832 1.5532 
8.5895 1.7894 
8.2375 1.5632 
8.4994 1.7321 
8.916 1.9924 
8.1882 1.5163 
9.8727 2.7122 
8.6334 1.8268 
8.1527 1.5018 
9.3853 2.3727 
9.4603 2.3582 
8.1529 1.5412 
8.6276 1.7954 
9.813 2.6588 
8.0606 1.4605 
8.9008 2.0003 
8.4814 1.7185 
9.5059 2.4265 
8.4372 1.6584 
9.6715 2.5422 
9.1336 2.1777 
9.873 2.6579 
8.1123 1.5132 
9.3628 2.3481 
9.1156 2.1443 
8.5086 1.7511 
9.4926 2.4354 
9.4314 2.3648 
8.9459 2.0389 
8.2027 1.5399 
8.1235 1.5258 
8.1076 1.4754 
9.5318 2.4575 
8.2678 1.5937 
9.2581 2.2488 
9.8644 2.7341 
9.38 2.3072 
8.6579 1.8404 
8.1977 1.518 
8.7085 1.839 
8.4426 1.6936 
8.888 1.9578 
9.2307 2.2343 
9.8569 2.6724 
9.6215 2.5494 
9.7558 2.6159 
8.7395 1.8908 
9.8082 2.659 
8.1456 1.5351 
8.8018 1.8973 
8.3628 1.6557 
9.3572 2.2824 
8.2354 1.5821 
8.423 1.6902 
8.8548 1.9695 
8.2742 1.5984 
9.2055 2.2106 
8.6097 1.8296 
8.7254 1.8878 
8.3571 1.6802 
9.5441 2.4745 
8.3381 1.6177 
9.4979 2.4248 
9.4558 2.3843 
9.7082 2.6064 
9.8257 2.6688 
9.0177 2.1141 
9.8984 2.7533 
8.7284 1.8584 
8.0478 1.4393 
9.6895 2.5878 
8.8976 2.0091 
9.5958 2.53 
8.0369 1.4954 
9.3459 2.3186 
9.4109 2.3691 
8.0544 1.485 
8.7123 1.9215 
8.0998 1.5015 
8.849 1.9824 
8.404 1.6951 
8.7259 1.8883 
9.5489 2.4289 
8.7657 1.9244 
8.5257 1.7317 
8.4673 1.7145 
9.9622 2.7684 
9.2814 2.2602 
9.6378 2.5224 
9.8481 2.7032 
8.4006 1.6603 
8.3274 1.6465 
9.9422 2.7832 
9.5729 2.4655 
9.5747 2.488 
8.1578 1.5357 
8.5789 1.7737 
8.8887 1.9886 
8.8828 1.9324 
8.1581 1.5305 
9.0315 2.0757 
8.2748 1.5976 
8.537 1.7766 
9.3497 2.2822 
9.9058 2.7522 
8.2767 1.6211 
9.5664 2.4808 
9.5329 2.4366 
9.1576 2.1505 
8.6999 1.8604 
9.7951 2.6558 
9.1136 2.1526 
8.591 1.8022 
9.196 2.2455 
9.1027 2.088 
9.1403 2.1466 
9.0022 2.0575 
8.9476 2.0447 
9.3384 2.3441 
9.3924 2.3187 
9.1993 2.1712 
8.232 1.5515 
8.0077 1.4607 
8.7169 1.8464 
8.5361 1.7383 
8.7368 1.8856 
9.2134 2.2057 
9.2797 2.2737 
9.5939 2.4859 
8.3101 1.6194 
8.4673 1.7075 
8.0328 1.4341 
8.1157 1.529 
9.9866 2.8385 
9.9905 2.8238 
8.2942 1.647 
9.1569 2.1944 
8.4746 1.7038 
9.7331 2.611 
9.6556 2.5597 
9.2773 2.2443 
8.4447 1.7021 
9.5488 2.4569 
8.4994 1.725 
8.7396 1.8899 
9.4522 2.3939 
8.7685 1.8952 
9.538 2.4746 
9.7083 2.6057 
8.0314 1.4755 
9.9705 2.8333 
8.8791 1.9458 
8.8121 1.9206 
8.1897 1.5635 
8.0514 1.4713 
9.4833 2.4209 
9.8066 2.6431 
8.5219 1.7555 
9.8806 2.7448 
8.7654 1.8742 
9.669 2.5321 
9.1807 2.1967 
8.7989 1.9317 
8.3424 1.6474 
9.2358 2.1887 
9.1715 2.171 
8.3038 1.6332 
9.3875 2.3148 
9.9434 2.8107 
8.9627 2.0482 
8.7952 1.9048 
8.2639 1.5983 
8.1302 1.4947 
9.5706 2.4772 
8.0685 1.4972 
9.6003 2.4996 
9.3394 2.2756 
9.9726 2.7917 
8.5826 1.7812 
9.2445 2.2098 
9.586 2.4666 
9.6353 2.5204 
9.0961 2.1212 
9.6734 2.5705 
9.1688 2.1999 
8.2438 1.5763 
8.4912 1.7343 
9.2194 2.258 
8.5524 1.7672 
9.5562 2.486 
8.2127 1.5672 
9.198 2.2405 
9.573 2.4585 
9.2098 2.2311 
8.2395 1.5871 
9.6242 2.5022 
9.4096 2.3711 
8.0197 1.5182 
8.6875 1.8517 
8.7126 1.8788 
9.915 2.7489 
8.0779 1.4981 
9.8979 2.7722 
8.3384 1.6724 
9.889 2.7251 
8.4048 1.6689 
8.7594 1.9121 
8.4055 1.6892 
8.7194 1.8961 
9.6486 2.5429 
9.628 2.4889 
9.0419 2.0939 
8.5796 1.7678 
8.5516 1.7647 
9.9448 2.7831 
8.4749 1.7358 
8.5002 1.7297 
9.5866 2.4639 
9.5293 2.4419 
9.2577 2.2747 
9.4989 2.3957 
9.1038 2.1643 
9.2991 2.2771 
8.4803 1.7778 
8.7281 1.8909 
9.8431 2.6867 
8.5584 1.8089 
9.7812 2.647 
8.9467 2.0079 
9.0104 2.1161 
8.4132 1.6768 
8.1152 1.5003 
9.6397 2.5416 
8.5033 1.7511 
8.9663 2.0039 
8.0604 1.4625 
8.1426 1.5153 
8.0327 1.467 
8.27 1.5722 
8.6543 1.8719 
9.5689 2.4929 
9.6878 2.5306 
9.4176 2.3588 
8.5066 1.7266 
8.237 1.6007 
8.3082 1.5862 
9.629 2.5598 
8.6615 1.8384 
8.1318 1.5084 
9.3608 2.2909 
9.3545 2.2857 
8.4184 1.6617 
8.3978 1.6691 
9.1666 2.1831 
8.5986 1.7999 
8.3278 1.6367 
8.9012 2.0143 
9.5421 2.4549 
8.5263 1.7794 
8.1652 1.5106 
8.5268 1.7512 
9.3856 2.3488 
8.8686 1.9546 
9.2212 2.1966 
8.1182 1.4718 
9.1619 2.1906 
9.5379 2.4371 
9.2527 2.2406 
9.3026 2.2897 
9.1697 2.1833 
8.3199 1.634 
9.3366 2.309 
8.2182 1.5548 
8.5421 1.7599 
9.0936 2.1434 
8.3922 1.639 
8.7651 1.8948 
8.0377 1.4786 
8.4706 1.6914 
9.8579 2.7111 
8.2751 1.6128 
9.1779 2.1587 
8.3621 1.6473 
8.5418 1.7528 
9.5549 2.4625 
9.5725 2.4575 
8.2121 1.5639 
9.6873 2.5474 
9.7091 2.6201 
8.2752 1.548 
9.7783 2.6577 
8.167 1.5778 
9.4433 2.3691 
8.8644 1.9898 
8.4651 1.6825 
9.0959 2.159 
9.5104 2.4262 
9.7952 2.6432 
8.1006 1.4585 
9.878 2.6945 
9.4886 2.44 
8.0425 1.44 
8.9685 2.0412 
9.5147 2.416 
9.8804 2.7261 
9.838 2.701 
8.9103 1.9843 
9.9384 2.7875 
8.9112 2.0095 
8.6556 1.8162 
8.6584 1.8438 
8.5715 1.7878 
8.8924 1.9941 
8.2425 1.5302 
9.0016 2.05 
9.0974 2.1351 
8.1313 1.4943 
9.3622 2.3716 
8.6391 1.8303 
9.5187 2.4488 
8.6947 1.8331 
8.9834 2.0156 
8.3615 1.6535 
9.9781 2.797 
8.7407 1.856 
9.1328 2.151 
8.6887 1.8462 
9.9129 2.7428 
8.8644 1.9728 
9.1012 2.1108 
8.4428 1.6794 
8.2025 1.5655 
8.4069 1.6669 
9.7049 2.6083 
8.2144 1.5825 
8.1561 1.5463 
8.4216 1.6713 
8.3928 1.7015 
9.9679 2.7828 
8.8205 1.9379 
8.3746 1.658 
8.5038 1.7291 
8.7597 1.9251 
9.1091 2.1359 
8.5256 1.7862 
9.4399 2.3759 
8.2066 1.5768 
9.4333 2.3575 
9.8146 2.7057 
9.5566 2.4382 
8.9654 2.0151 
8.368 1.6844 
8.2343 1.5666 
